20.0
100
20
0.7442394620131787
0.7470223690603277
0.8021088208333856
0.7616794151732085
0.2911125614480865
0.576422655313914
0.8152335381471947
0.4366476177637374
0.3054623839432231
0.15571838298986684
0.9435268322220105
0.7343358075436545
0.2685483469451304
0.07513671797412369
0.41793558558553956
0.5321884989056155
0.2079174070554568
0.6933414907306413
0.12460005648975492
0.8038129209810553
0.03990695279005274
0.5950609784139609
0.3704490798714031
0.6177601930621331
0.5091334896524222
0.01591791886256444
0.24262251631226572
0.6859215104000771
0.8517065782950093
0.9952344201423078
0.020980119756553783
0.3868626614114842
0.16925926180535134
0.8544984131852176
0.47893204287626456
0.16695951391512198
0.6424874220512825
0.9673427841874395
0.0650535607392736
0.23098599853269597
0.13574247865463251
0.6863017084657115
0.8964224972133916
0.4738454013817426
0.4483227695945704
0.7222734620171664
0.2143446685183641
0.6764245913999533
0.4534614820765779
0.23453245867585726
0.4541092671274387
0.09108996963167659
0.6326095300600038
0.38229783369692705
0.36264245211717194
0.6761330958523879
0.06046417501814927
0.11327958697138085
0.6614042341266544
0.4035127792788442
0.7252950616451187
0.5202873774796622
0.596600239652613
0.2605298684857821
0.17947153644502734
0.18390155483300963
0.34475631909113047
0.7936094167977835
0.9066961310465033
0.5373694933163936
0.6489305386644195
0.3011546877308142
0.46530118865526426
0.4393046511831934
0.24931425557236753
0.07247591831290101
0.42106648160989746
0.8204298954725605
0.6416995279127534
0.3910863648113916
0.31836799274984084
0.4825205997326134
0.44826742378354545
0.3731965164482678
0.4550691459321079
0.8708670324513033
0.21737824491115276
0.09602727951337597
0.02441720636410849
0.9159897269312746
0.7825210589014735
0.8856011882373716
0.26630977648883947
0.8460055160686119
0.40530627058836965
0.07996037440202042
0.6306469931869244
0.207956011130073
0.8033624639508661
0.06129880036410562
0.5970873907971269
0.20457432335533432
0.821224088726977
0.8592851879330076
0.7183763920661637
0.8523800392607993
0.9407739522960527
0.16789263520820807
0.6585184396080195
0.3976562241397439
0.04753086779603666
0.18933930201101412
0.48241473801529466
0.8887765418177572
0.870049112757867
0.321284220626305
0.220190855408523
0.796514712075717
0.2919233138344842
0.33721107663553573
0.7772892464167296
0.09838219717283092
0.29936851726159297
0.3749716881482237
0.5905040418825147
0.2987045268917736
0.6720722451449765
0.7447503675628635
0.04048649196631482
0.4430604281612449
0.6509912032633919
0.29524917111559756
0.5228511263335107
0.30387218718706277
0.7239929621379505
0.835683032568719
0.25286453090757643
0.5633493364552653
0.3587180434105103
0.9012131470674651
0.3327998156986106
6.527035059323838E-4
0.9817658470188012
0.9707357508770869
0.3463915992657619
0.40205868554980373
0.7542834017379154
0.09848242216439618
0.7614280067931447
0.15606873455497272
0.7262630654922524
0.8046775648367799
0.719367591737909
0.2698226962753595
0.7653313006153678
0.9855374011855285
0.3699704392612867
0.8488383786459133
0.25053812555179333
0.549183781792184
0.7692849468529791
0.9190145731128431
0.8976321624714513
0.4615855718580478
0.5009325493227349
0.8379980047892975
0.23953408357186845
0.8954292189244247
0.6034847481775144
0.4424291601472682
0.22419668578469665
0.2148589141087177
0.09082808846220891
0.5082462037636019
0.11176702611082256
0.6003165258669501
0.3377645703233082
0.0631396821877569
0.3539428076096106
0.22024970851157633
0.8696962106664474
0.5834152114306619
0.42064069959867667
0.9902461133863552
0.6430941850063512
0.13193537967277846
0.6025723195783254
0.1251910133149523
0.7325548233234531
0.04947598147961929
0.6630488939659933
0.8863336688016021
0.45059551435251355
0.8987457470189067
0.8383129778869738
0.15268809805740047
0.31794622576363607
0.9784832375185107
0.09292166845474414
0.704981913092333
0.9749428796439994
0.8744578775582128
0.7251827710650515
0.4004067976819068
0.07873109295012193
0.1948667785532594
0.387371526478541
0.7377124239072347
0.4663399848560972
0.8495331388126381
0.33643231269674145
0.6647254849398943
0.3802874317949051
0.9754750772005483
0.2630961567643617
0.8641640229609611
0.35122980983813346
0.885829465183628
0.3608217323198203
0.16865645363102666
0.4112705303552102
0.22477766074117178
0.3906935719716531
0.2021639320101839
0.671893666223638
0.8480353949478225
0.37438830734260187
0.8225433583162779
0.9420901027036477
0.8166324410202161
0.20454618006455427
0.4487779351269544
0.985095568571887
0.2911221162853427
0.9003610676435072
0.8964406744136157
0.21626107440962106
0.04402423743150541
0.45593002941505534
0.9162457738116894
0.12992841969499025
0.7702200292110812
0.22987854863849133
0.23308157844461097
0.5097841592715079
0.3681806515420807
0.607005278625097
0.5167080201145458
0.5250180062104988
0.8893257081559229
0.22616612564659144
0.38034042840815463
0.1437122773563002
0.9084718132656362
0.41334425870529545
0.19963078096736642
0.9052411170091822
0.6552456901119186
0.5848289935801189
0.27209620679669466
0.9850595982855759
0.36449983676570896
0.2926535287755856
0.5958343224327688
0.6581142947680132
0.9531833977714312
0.2729172024380153
0.3364029646701411
0.7212088053390721
0.3117846475585797
0.32734586824237455
0.8720320490289449
0.17000882539285356
0.21037537670511997
0.11941877537599621
0.1598736963580769
0.44297326745718446
0.06245222016235896
0.9986187481785286
0.04978584488035975
0.8423491833260344
0.5641829995465856
0.7798374315907083
0.0871839737780673
0.3214703182106893
0.532331403474474
0.9996952472125269
0.29278430871046324
0.6879500980190695
0.10104612170234883
0.5475110078467493
0.384601181344838
0.4139616657173425
0.805865857511772
0.7258839919060104
0.9163499117783432
0.6676494520551159
0.9827046850927948
0.7343267358053296
0.8464461796470135
0.8838175125532604
0.3402470030239716
0.289114049673153
0.1230814096097611
0.1773926307068342
0.5260947618933307
0.5934899830734831
0.9733931122063175
0.16976028297886658
1.7450016409903402E-4
0.15460127226469955
0.7185378271971393
0.3459247213009794
0.5533249677261687
0.0070021308448695585
0.10151398233024977
0.8895444843732474
0.36465053770625033
0.7473020998264832
0.31087013245210526
0.053247173102594525
0.5781399970423011
0.410504576030685
0.11097409435275085
0.5132288758681806
0.9972137411891578
0.6258114353139757
0.7483068803322577
0.8299944294710451
0.6452768748679522
0.678144269981403
0.5932845317884553
0.09119713579955191
0.6210196743799015
0.07136039810700656
0.7984002628007261
0.04788764218966857
0.8891208192161046
0.9401179083577316
0.6060180870700075
0.5720832978249757
0.3901733773577911
0.1895705591556256
0.32293843725825644
0.061421046776500954
0.1280664797007406
0.5555502066032523
0.39389485264694535
0.495758229281717
0.6987210273714693
0.872620622963436
0.4524308442778755
0.21093750518082632
0.06099102197130024
0.7133632340160941
0.7051436422464661
0.09653339928199023
0.21870609871403768
0.2194822257945972
0.5140723649301258
0.8472496365886198
0.8822454568043471
0.3837924569389455
0.5820454744263213
0.10173821757031576
0.10869705561518928
0.26188053973934433
0.7170927826597623
0.787962349837634
0.3815700054671116
0.5932061287886314
0.7545655926939588
0.7608271394859399
0.584192334374762
0.09363641907944864
0.8493977799815159
0.8656535781448085
0.8453402205648665
0.24488423623810196
0.015980008453000516
0.8901727360986177
0.2913089707338624
0.7510460244576244
0.48940762948200855
0.47806885828340073
0.3255498998559636
0.958412886763421
0.20940289949014135
0.9687011558287604
0.17516139611777293
0.4419543707196626
0.48699993605529457
0.300486577264259
0.09293698325526567
0.6503510546737568
0.7041212600454915
0.569526049960376
0.7843361105462835
0.9711789947036209
0.7174626122108565
0.5704098043301163
0.34065889519289616
0.8288251610550309
0.490642755199837
0.6627373511049052
0.2028689868136575
0.45993983866755983
0.36236333162282053
0.6047409129191391
0.45492329158104083
0.8247084718004518
0.2733633916886772
0.5745009546726352
0.05113132351580496
0.7069519107086035
0.221241888628379
0.4595955586071194
0.41898081511675767
0.4320408860161379
0.1897609355247739
0.6376258488719883
0.24703064901823535
0.7888365719956568
0.8080312394576081
0.8929119122107403
0.16688570641481792
0.6803460766233155
0.035020472472231834
0.8187547358427884
0.4689328782300989
0.7475082282353938
0.23611419679505152
0.04001166190724037
0.9534309566549218
0.7115014585877465
0.12099843663461807
0.8573342647607053
0.5117118168273086
0.4621920293246893
0.14592130758609745
0.46226881021277544
0.05666375237976573
0.9838178944438094
0.14843113812169018
0.7015216124229777
0.977332383822056
0.0537293918620122
0.17897663981936285
0.4790427126195791
0.37938811419513896
0.27598506702930314
0.7212943162229165
0.2761830329637146
0.9913738525955142
0.41882729864823953
0.7522975073870093
0.943031569998734
0.7660601298312405
0.21353878089788603
0.3822196670959733
0.8681411941652607
0.8868991162125929
0.741907765166317
0.13705459798388442
0.8692024564902084
0.10148298879019901
0.29050647250250816
0.2978748500466585
0.6638271380807653
0.04707655280702161
0.08221343462080388
0.09539834688289994
0.5774543259549659
0.5077071668849199
0.6088873023754569
0.973213107672922
0.22449336305947398
0.34796045960272326
0.38382611620982454
0.5793582376143749
0.2591701904695125
0.2055427369262468
0.8086228188257318
0.6234987729814565
0.9341441107590405
0.8928366388103333
0.5062538184285291
0.2457211629594006
0.12781471277201528
0.8570895487443311
0.9107147228415612
0.08301486580476969
0.7053393030823154
0.9795387835898612
0.12324315913181183
0.7907948790844428
0.5637334284920946
0.45569177051345844
0.0461458056751618
0.3793590590777649
0.4780281455676848
0.49214280611189687
0.5874729202222282
0.35896300660220304
0.9133098028205238
0.0797231678655782
0.29326031312607326
0.3522343886651067
0.29656883471983275
0.15844437592874405
0.1087853679205365
0.5289378870574384
0.8526366727270643
0.07660889005546423
0.0962601432762954
0.9456406520222665
9.054227219318367E-5
0.3646267734349832
0.8436112629469991
0.6316173388408272
0.47585789940306056
0.4934905345435262
0.9874728709232379
0.052373130151850855
0.8113539276034529
0.4685247215096181
0.7432451294168025
0.403451702985966
0.5183366851794734
0.8209405647330048
0.5860481470247442
0.03973461539100687
0.35926643325575547
0.8028906966222779
0.2586266844259941
0.22922737931478043
0.3748069830940053
0.36613204011428324
0.09573847385277667
0.3353668952037704
0.9202086073263865
0.8100700157949804
0.24928506418651508
0.4781731614300463
0.8226637604540017
0.8218705307651737
0.7744207179055125
0.7021085015285983
0.9133277300323349
0.9994907909199972
0.6941017263349876
0.6872954592615949
0.6105490586588412
0.8478937209744942
0.09801460714359622
0.08078418295095136
0.9349549509666043
0.6693750244735822
0.05154861211977413
0.5958489635340604
0.3223893349570187
0.7308456558941813
0.591454433039266
0.12983299120756053
0.8673022515985745
0.5840772734022335
0.36705745554154323
0.2848486694993868
0.1770410209510509
0.43933127754828505
0.5493703157628107
0.8406809980857849
0.8465954022843833
0.04845693915440952
0.4751768753059261
0.92552962803744
0.6736999846910873
0.6404579582349325
0.11913500712591263
0.8577647072102474
0.1257992208890476
0.07069046907334142
0.8941733080268524
0.8906608257556795
0.24323160020235646
0.4942701321350216
0.46893286527781697
0.3821118398818324
0.11709136934152042
0.5549298027953438
0.2607317852397978
0.2326193014209147
0.3155774167611346
0.2924830104574154
0.013506893817496035
0.7873853284932305
0.14924091326801536
0.7152132222093929
0.4024134396779785
0.7821306395837808
0.46339461767430523
0.25792208443142606
0.9202403973613611
0.32729695081695476
0.7250480076846656
0.15203490136947628
0.3955253186876315
0.37158234360972897
0.5320849090777097
0.07107442382809837
0.36822924308724003
0.5632969825823995
0.31400068802568937
0.2829794862788324
0.20605912946509353
0.936816132119619
0.9163684995171346
0.9401578718240579
0.28300110893081865
0.39144574284431877
0.9653053455549664
0.06882763585913687
0.761355186895815
0.5013056238008058
0.39355999709165
0.2811147622876201
0.51953804323139
0.7973738193412295
0.27644700799822775
0.22653929360800906
0.5501474957740256
0.2966253130307773
0.17370204138533796
0.32393611873989514
0.7162583961281453
0.7182365875757961
0.502435505254865
0.37052044989454214
0.09864667776744118
0.5231174726375889
0.0767132063944812
0.2117225959921344
0.292614529460237
0.640569922574409
0.8408940359073317
0.7735798738235857
0.920316488641217
0.5046630725036645
0.9967063269523803
0.4088886229009553
0.31296247723055615
0.8129527841132403
0.17814631124469094
0.6889821483131917
0.7870007180619214
0.24146271703786204
0.06363333037344943
0.48491579117585215
0.18935985162774527
0.20238337320231314
0.8314582784282212
0.425003017929374
0.4190561206381872
0.6147344278298512
0.1624131356006947
0.5900617773172757
0.4459481443146486
0.5732748013851879
0.07259114340801753
0.6133934501778182
0.9421482524752024
0.7472338945320894
0.719698679226482
0.18943116299465468
0.017575934044556707
0.3179766502708371
0.46782146425050253
0.3631587103693359
0.7083658842514384
0.27350387872241455
0.9184392953945725
0.8718142695792888
0.8053188001361598
0.9177287279337605
0.319584938628235
0.24105860488953856
0.3293107682372308
0.5237588482779557
0.7503947995259744
0.29970027528393894
0.46155269873772675
0.16295315372975305
0.7448998274952847
0.27023509613197894
0.018818527121156614
0.875311102330287
0.5667575103271714
0.6168710360978474
0.627236713170133
0.5117910856139584
0.17572657164433825
0.38837364509091155
0.5929672557993102
0.7754445909923952
0.0370383141541164
0.8799814989894046
0.09406146589267628
0.21579025876152214
0.3164195059158976
0.05680456682930546
0.7250299839730319
0.1896428910930632
0.6763733414666758
0.3305334340389986
0.6141196323725259
0.09164976133618774
0.8434273246132868
0.9619504493444566
0.3030272107305786
0.479077236635435
0.3514070539731119
0.5736483218202013
0.3297545538291017
0.0679281789542453
0.38239815073976324
5.261222125106935E-4
0.9875356813100362
0.9612612812822012
0.42490848356263955
0.9800458023168596
0.04624345618945369
0.8856212431165346
0.5478457955562236
0.9898973223917893
0.3174099971985711
0.6577783947266239
0.44927642907622645
0.877634020883147
0.819971234973035
0.5815155100366812
0.08053305362522134
0.7950041188831373
0.96107286468687
0.9829880882954533
0.5690902104526421
0.3491180316649847
0.5847513804971645
0.6332240933795615
0.36772889551126586
0.8132558024207304
0.9610305059786443
0.37761766221559667
0.042862032169083575
0.7020324077253711
0.7889499211651855
0.8948107612713364
0.8814951425328008
0.008803026220075894
0.06926946265713774
0.1411454091202733
0.5441472202372565
0.9276046131728017
0.2660690709873266
0.7019087265688525
0.32015925476783336
0.9375936878898097
0.5211909058265838
0.9668814587759342
0.15216861564223982
0.7148549512591906
0.8114464665468507
0.7752402693864003
0.4881295245137678
0.45461871851363456
0.8457389285997099
0.9336527401667111
0.19211150024371804
0.8363398151098298
0.1877263293842092
0.8014434240100784
0.19920865820290323
0.044754201953774664
0.5593787936882024
0.9579980639612885
0.33524504745426886
0.9719440625023783
0.531758968003012
0.8201122342762017
0.7385621805351812
0.9686057147108104
0.8415815894154919
0.9607799281588321
0.6190267258683549
0.28712911469754687
0.3855847245025311
0.7959564444655551
0.6684979493034466
0.6647615999639123
0.5394715276790882
0.25211886367435254
0.2973458642235415
0.3320427273983403
0.8241585490725485
0.004987137240510586
0.013212834693197117
0.09986093946646746
0.09929203170802359
0.8885568407037525
0.6810626792077212
0.07789696678529723
0.4024717171372011
0.11363461035990241
0.10766306759892175
0.00788294437169823
0.27234685459321417
0.0063560071143509145
0.37899880313051426
0.15702033125401016
0.894726581810989
0.07970438530049051
0.6457142436837803
0.21006356591616815
0.693072816020551
0.3848388401168774
0.5995359929522337
0.6229906784622358
0.04822097331114639
0.25407806420299917
0.7127274206694962
0.4568460544863574
0.6768997201816995
0.7436761240257638
0.4229786926101363
0.7972546971471999
0.8245981156378027
0.31206504003027113
0.8377375265512144
0.4832711562374934
0.8355545116789925
0.5280288130119812
0.2048372269928963
0.018640680177956948
0.85111878392484
0.8933111877596558
0.3503803001573593
0.21921383225200952
0.35746531435578655
0.1854503481174441
0.520187560273343
0.36217043516095704
0.054611431211841976
0.07917110029071839
0.5777239295951808
0.34587207764811123
0.05092188087744154
0.18845528626955343
0.3092640169707891
0.6435769326014841
0.7007569707871406
0.08644985532935578
0.6661618558711824
0.6399147479775629
0.4976485673808706
0.3066607435096743
0.13444106981634518
0.27593355029086386
0.31136412911686895
0.8064207055660519
0.06352275076492586
0.7966940969830448
0.9144463237649196
0.8824069348572143
0.7087606598477716
0.7948016554831353
0.1822918543443487
0.06802490937735917
0.9465540840913454
0.6739296275803894
0.5705595829715223
0.11376273932839298
0.10616108575203842
0.11830224197005157
0.4746750306508506
0.7541598783014986
0.12893550549690014
0.1472693252144952
0.8584246366874402
0.5988231164237507
0.31356383102459695
0.8585183263652028
0.10210949917431644
0.14996197027587566
0.2349781653520555
0.019134644486230035
0.3654555670810461
0.6452039375250391
0.034974567129208545
0.2506340069706404
0.886452881646239
0.15199027625075945
0.17416640105109882
0.6722553554520239
0.5445239718266753
0.09864099146031668
0.9077545745674667
0.5162167628769277
0.7048973639054832
0.21721733428614753
0.2016979803370048
0.4093006428452043
0.8307889320106101
0.6945991970644669
0.541218752986629
0.727048904120573
0.6009707640858906
0.18073340931870896
0.10017899268622976
0.6700126167748403
0.3025330950927746
0.18679846161899893
0.03771661869709131
0.4859147132968692
0.08212196068006261
0.3210702503540872
0.267629990153082
0.5672485759970831
0.23366159818968857
0.7565619572280275
0.9063524383763759
0.9907492565073235
0.07654713193603735
0.30205089621622827
0.7469591632347431
0.43333807055606033
0.13551974110565734
0.45689381280783536
0.5295007557699358
0.298555471094923
0.27191296374563856
0.8700714043561136
0.48205926491529905
0.31816133585731
0.1356856500900101
0.6951917031742717
0.5922736613313249
0.8554953515842281
0.8086329869085715
0.4357211409067877
0.33568423981320517
0.6303550183109418
0.7913944750467135
0.008501221146682614
0.13509575613822722
0.6095618785324446
0.5503534915036862
0.9186476182457701
0.6542618022039681
0.3630517422557702
0.6852500855026902
0.6352178196264302
0.13954358470999384
0.2722376383683347
0.4043051718009013
0.48457219787677575
0.41479850843833943
0.5955593712463807
0.4008805919943339
0.6371428146879248
0.8076052123916958
0.5455465181547967
0.4141765843667615
0.053362950365636874
0.23903311304238162
0.21238680398701737
0.7261940232569972
0.5757996613233209
0.9445166101716329
0.3809049225408747
0.5981661017883437
0.7070708485813196
0.8099949104818972
0.03102189722393256
0.18189031451359183
0.9969167321084814
0.10533087277459563
0.5861781741327097
0.7548680348865507
0.37683574243912243
0.47612299343861364
0.7798683037260221
0.22288594469765832
0.22698280298077844
0.4153767317321434
0.3473491033427377
0.7096497176022177
0.4375679710219813
0.07810289861261388
0.6177470188310634
0.7103073406541396
0.23578161795736796
0.22476218810652082
0.481204466594906
0.724175428591748
0.08931230614613028
0.2835766230524711
0.13636943113796007
0.5017093936037993
0.5688116401269593
0.007080210857212665
0.48544586366908393
0.04173357863724991
0.6542001801045899
0.9648826831932525
0.037187544162440855
0.2571754517836763
0.6034972787873276
0.16247194554714972
0.7026309644257949
0.7910234029863441
0.16789652657628173
0.40498187922888695
0.9240279633709398
0.808954739668746
0.6330980651400426
0.6352044017293093
0.16435184235431588
0.7210572524504859
0.8944476121173376
0.36672568286821783
0.9029159189071334
0.6922936347424048
0.5322215672257598
0.5059183393822015
0.9320562177346899
0.4898351321589033
0.6434358817485948
0.3106228738483361
0.9304953745334801
0.6851172812121707
0.00784670277606292
0.9687029278542169
9.179384701210047E-4
0.4794470528057728
0.018348188605267657
0.29626118679232105
0.10245160486094418
0.4542171744260929
0.6897636057436538
0.35315326276377235
0.08316329859241933
0.36026025306966925
0.9750637366365893
0.35253979495065924
0.32334249255492764
0.6556016796740013
0.5643361016898484
0.10156705354491291
0.8372588593952954
0.8768468654934892
0.3193677859464489
0.3518692806547613
0.04924471152375287
0.08666514148083238
0.5054932532649806
0.8614367235474987
0.35936752966036123
0.5783087343265975
0.02239769563197913
0.6734949562747491
0.04462115953643053
0.7378323906139674
0.9068562321263506
0.10339321302988924
0.0034789648114108562
0.46565536739932956
0.48292700353382967
0.19110011845470876
0.34481584352895833
0.8413342080542731
0.6689066134508658
0.9247576300957117
0.8466204081624856
0.7788913058485045
0.1153944977346919
0.36984515157164455
0.8655823351767229
0.2647707096149733
0.045102416442239335
0.9488570622643638
0.3655544140749082
0.3964693929529821
0.8925839121645858
0.5079992047523628
0.3510523203672189
0.8471184712283626
0.10084815835324978
0.48026082038670925
0.1413697475521446
0.5697658459183067
0.72186089567567
0.40832012742651946
0.601550278194271
0.5248377103839782
0.7892252528735029
0.3260934499473569
0.6583714157999385
0.9652336342212158
0.7838732669246963
0.014339290892514844
0.17266053743648802
0.3457358280259789
0.8973887596328806
0.9435803269795673
0.5136762976439316
0.23689028441989113
0.21262094365554773
0.7967075098656917
0.9869531261207483
0.7182436338439308
0.3675370168367962
0.8239828516370115
0.6039207808176301
0.6017964883808606
0.7458017747868194
0.9247581177908122
0.549774550374735
0.4937603133955858
0.7463601861351794
0.27307873627345747
0.10548623971358129
0.14118158267436565
0.22433941802772273
0.5084437451643986
0.7105096723001609
0.7297235270510799
0.7668741448837636
0.9983440508973254
0.31464889027048915
0.799872298440842
0.06999975219759103
0.44580274289020416
0.16072108384102402
0.23106090036281302
0.3165457623501803
0.16299317105269506
0.6640603090745506
0.30668102084368476
0.12000166149846414
0.6611115987477212
0.11057228793956098
0.21767904998127618
0.2956160471774961
0.8170329259152598
0.481964624356518
0.48840968173946286
0.44752903109331743
0.7688798775928628
0.8349405698641829
0.7156464717763167
0.11952723991060266
0.8654870991053912
0.31055892673309127
0.7001257258464276
0.04704948576560897
0.4488434894783393
0.03062633938863535
0.5197265470428116
0.8693601516335754
0.9839476321608697
0.849902795615435
0.34436623678958056
0.5133469419807074
0.0671127045541573
0.17606461063983025
0.8249169710985016
0.34418805349141457
0.1416086757208691
0.8437836604967793
0.7019264919397907
0.09317340826732834
0.3286314565432429
0.33494555675578574
0.8746514950745061
0.5192532616820908
0.6419399352212953
0.4739436769750618
0.546889412404836
0.7384268583703817
0.9961036607486194
0.09514959010428115
0.22332093340678083
0.16387273014288595
0.8411552400862305
0.07907494848127672
0.2685517673079264
0.0397611708868999
0.9605432299481751
0.5844039126542466
0.4607689478494319
0.6229789817814713
0.9546329098754531
0.2649888406247173
0.4729037402726157
0.16953457985684384
0.19860376000260738
0.7540665013405552
0.4964192550443408
0.01620244460655118
0.6114440177361392
0.7223660328612599
0.28631794821765744
0.21300250336058213
0.40184444187271207
0.3724436012963055
0.750690506075495
0.3584016204660623
0.06714474463910414
0.3184932555615526
0.8341041553022621
0.5166614404640019
0.31308794090360526
0.41904726548797033
0.8513550156558987
0.3555471452971767
0.23498918551801218
0.27939317092074234
0.6165859434886661
0.932650004728723
0.05502725455745994
0.8211992296943367
0.6824973882097841
0.8798662505524847
0.9457188827482989
0.5287535916557632
0.7553556794200158
0.08811322583482817
0.9862368498680931
0.7243869386582932
0.8837298070938663
0.37815357294789764
0.09608511280810572
0.5000621159522083
0.3323638975194473
0.05843652280970979
0.8697452482611772
0.7377784966401303
0.14731968404306928
0.7171549041530322
0.5962604474271349
0.9883528121910649
0.29449938685430077
0.0732556070703132
0.3893246644872137
0.8463024401577965
0.9108862190176343
0.219929730712069
0.27629578642907415
0.8579707711470121
0.646316317738186
0.1341484729032194
0.29865429361634077
0.9306988006689701
0.2933221114294188
0.8970992228710732
0.1617788396811174
0.6727610474298538
0.9035644944491635
0.6729157708427497
0.7385133520310091
0.08694748164025967
0.371596503537718
0.12688557475383266
0.7788506949404862
0.5650881878403955
0.030179211597788358
0.6293557588244383
0.5071600714848282
0.1864803954066525
0.14609570246622705
0.2878491981000093
0.39873656077018704
0.9100925629385336
0.3313867483692168
0.577440268135086
0.31905313214322795
0.36858360033336135
0.7921575604657943
0.09822988807449762
0.3819467178168804
0.6215897516489303
0.025581821710931263
0.7787976182664207
0.3370715176073982
0.40639551860473744
0.04545602262168291
0.6657982323937861
0.03230443072476974
0.13601921755378332
0.4676332189547978
0.29240910395809305
0.513389136276123
0.13790766141691746
0.8188921314119246
0.5021235536415699
0.6209564441964548
0.4008486533579354
0.24627417681417074
0.5194249214818063
0.5241606316312248
0.4033740238552572
0.3986474385219375
0.00516449955721765
0.49052289743104227
0.4338399714055102
0.6282330492419259
0.8120061201994077
0.3331743011181425
0.180535449573351
0.8170563591911517
0.16408884684082314
0.3995425859242637
0.2695835775036418
0.0717613451801975
0.025098617810092483
0.6696286430649057
0.8590650903017856
0.24995372497061774
0.4902283575869627
0.5173697417592202
0.35970670476680755
0.7822147159406024
0.14004558964806635
0.9551886375755451
0.8456415210737485
0.536153436867993
0.42807523153914695
0.7296788797706933
0.7431626459030081
0.5323435634637951
0.33894453121613866
0.46547818398365315
0.9410552562160297
0.1667149739477799
0.750226283849731
0.1647338136564167
0.5530063551814992
0.21994934838603697
0.15865511805207644
0.7611646443399415
0.18075545796053472
0.34165357740682456
0.6901811903715964
0.10057694983399268
0.6760636533840911
0.8855628146762056
0.6033643036742244
0.6737920123770569
0.08024266468123431
0.9417505895214676
0.8169008482099811
0.6632953281952965
0.6318992015059164
0.16280050034357274
0.34461469774683307
0.3815189330969875
0.47671414434715476
0.5131202219717728
0.9050324394299312
0.9765196144146012
0.9874905137605835
0.38405566902338883
0.38770262795869603
0.35991765284006183
0.4083676629434301
0.6121887337503235
0.3047070444820751
0.6723121180814953
0.8740134662282611
0.8141799797865382
0.8333520693165739
0.2429902963442273
0.7227704895178578
0.10874261353598114
0.5648163708904507
0.9236003914921108
0.42214596820458317
0.734812186442498
0.6135707474894551
0.8795586326099997
0.3556994052532382
0.2947018435976416
0.3136747939423754
0.4083123418087061
0.18229609450452433
0.35201001231850737
0.33059444344293654
0.12018374843150814
0.47185827745261655
0.896274385622966
0.6509727161305447
0.8653692847612497
0.8461605038635309
0.7498413949266344
0.5778262157817136
0.11977163494683818
0.9088790924975811
0.3371484796271862
0.5549278518692818
0.15269326748181988
0.8360199408789568
0.362591671184743
0.37167620296100645
0.1910211135186748
0.6160132992393755
0.8503785759619932
0.05854040698221974
0.967384663962374
0.5781776093811847
0.6882426070303997
0.5732088335436251
0.493870232958321
0.028919006705693806
0.28662151393135216
0.19885869242811582
0.6382264973865718
0.5269469986106456
0.21587955152108285
0.4285031290152411
0.09609760165699588
0.5719508205276909
0.716378938397605
0.9931608660905957
0.65067166418956
0.2555951959592788
0.7896833568672116
0.6066329198839864
0.1902345407683258
0.7293582270485238
0.17390238162018912
0.9459599306943949
0.8144692980295656
0.1806480366846428
0.8821626217850402
0.36417271173101373
0.5019447529739355
0.37679912325344367
0.14041724757949448
0.8407373165954445
0.23408660498739753
0.7359633404220596
0.4992833392001901
0.7151358058712999
0.17502735572314587
0.3145742748228827
0.6143217162462529
0.820311901835889
0.49208225171551223
0.06297839863848809
0.6901513939301538
0.7352507614686149
0.6681997574118492
0.19398947181191095
0.8660171701274316
0.00975052091769979
0.7055877496114502
0.533538149118021
0.8839048051120334
0.3794825131912948
0.4488165308653749
0.27825118660924697
0.22502613819728534
0.18572627079358717
0.3660530433971704
0.6717100749628347
0.5264714495764863
0.4417043132091295
0.5186807104363489
0.7293022429088775
0.49705414347769705
0.24623070278178083
0.12241232249599576
0.29099213753961284
0.7398489746696271
0.5354268190685814
0.05710342121320244
0.3620037399317265
0.8586514717282073
0.4845463206620867
0.9178267031729512
0.9133201012302414
0.9765628676918587
0.22449066761000014
0.7163684231125267
0.05706927124384886
0.32713162748947267
0.921385689726631
0.1401597476761436
0.786280447658086
0.89195889126648
0.6826284466821196
0.3547577391212461
0.27415798788239476
0.15340196594932742
0.19910307785379722
0.6963419840572251
0.06493502118181094
0.9069863658971032
0.5108028295005932
0.24229434696478291
0.3565325376852394
0.7353635872501584
0.7918853580618602
0.17078117521955505
0.9746637895925675
0.18412839726802255
0.5912265524378546
0.024358677161889664
0.5686880952593977
0.8995359444538624
0.5358279222474727
0.47797388247390826
0.02143186925709062
0.9891353134797273
0.10697105324512846
0.9783347104778056
0.05835905837650068
0.6485631847278714
0.732802313213763
0.6694751988102181
0.5658872209942726
0.6612175215324099
0.10606948774677649
0.3484421867684192
0.18430923034968316
0.7222576824190937
0.3320214066495878
0.8053825771448122
0.32769508397136793
0.6643542196130185
0.23902075574329085
0.7939110535032157
0.9013120269272563
0.5698378059310008
0.9432088129117955
0.05048990604530901
0.6365154570498498
0.4423738988272191
0.5486007086485365
0.23565447969517983
0.1437269221382842
0.581015429224771
0.6852782781179789
0.40526857030592056
0.4960299854397131
0.050463301899817736
0.4408865810016873
0.6365967497899461
0.39907820223886314
0.6735901777056549
0.12442989596260623
0.7318310602794627
0.7774242715196054
0.785760586220491
0.2164011536555832
0.5008119385592716
0.9130425476680268
0.5852058373590873
0.8055687533018138
0.9850340685044922
0.10873221355073759
0.28968948541824835
0.7902827876395031
0.12663016583886666
0.21725151961265465
0.46692595415061455
0.130952858172654
0.8088766896879368
0.27644821977860246
0.8446901795885676
0.48038759062891956
0.8988671309899768
0.9213151209130198
0.6262844325337724
0.5899761297542758
0.9083505508229308
0.20581374518826112
0.8380035565979208
0.9922299071742935
0.15533367377069152
0.9604730368995779
0.5174673628678573
0.5939929487595402
0.8568977035690564
0.8361845870030907
0.6151649396680818
0.979667446775542
0.41278114345275785
0.7402792863083747
0.326282609296047
0.42009053205228863
0.24963271079393323
0.45788476779456744
0.19586347937719073
0.8102374570210715
0.9874391962100036
0.8697270443278688
0.7475731867201356
0.017715205295672387
0.362485094679485
0.3269536136563279
0.5748234715444847
0.41404972688678965
0.295302093186794
0.424219554189062
0.802730667849696
0.6820589789877931
0.7274185559400796
0.6241921319815673
0.5803641344117948
0.3451432371959182
0.36731981379881884
0.9297934646686374
0.7949650438427064
0.8481126879545762
0.2838829899948442
0.07491493121856896
0.5132934583882081
0.434212295489087
0.36465004922405564
0.510000919698934
0.7499871230532614
0.5092917196765158
0.016655761795413948
0.795813928704452
0.03879322056453949
0.6616085625235983
0.12912777061581626
0.8868565213876186
0.9397597498423736
0.014540911894182607
0.24022828750315817
0.18534024541412697
0.05395062080181756
0.12952532174140075
0.054107982510304464
0.17725552989378635
0.336974278144773
0.24782468212203257
0.9398943772665618
0.9240102729542244
0.503593370830111
0.26226992953808603
0.8108386167309144
0.6762695481232219
0.09790814216345545
0.44390848522766957
0.8296963649410644
0.40104236379305047
0.36708411784499273
0.6135311031462524
0.7155191549099547
0.06872576411690923
0.4213202196552097
0.14433835461009747
0.0373855758595818
0.13373042062897722
0.28873063915719566
0.9095468722068382
0.7722017188631911
0.7604762598658423
0.3810399866410644
0.047524079241728856
0.5765530318361433
0.9959603366994225
0.574468024658886
0.2070799178969952
0.6766906416209878
0.2707634519756449
0.5799067343217922
0.7568328540640734
0.016086922159127326
0.32227606212172677
0.5274690675952691
0.2951060586328801
0.3165968634706653
0.8770880164518579
0.7227152270120224
0.680599499894258
0.007112911119881549
0.20390091279195455
0.34533910275669644
0.7191224199514181
0.5527031881656003
0.9539854449857899
0.4558237663992951
0.5879591590097242
0.5775736692721806
0.543120949086993
0.05155163923985839
0.056981636185284845
0.3167971981411004
0.6971175775612104
0.07108142092121783
0.5744092852745747
0.3546037809246919
0.6824362718639733
0.18378084062871725
0.32515794353232585
0.3111272305932278
0.17408532581700287
0.9217299757851252
0.44100667851272257
0.12485633310551836
0.6748866979239362
0.21178743071176231
0.6443518772121096
0.8446385336355714
0.8933688947331572
0.6479375486879189
0.7411062106279599
0.3929374204573729
0.5119579679075759
0.907513772112438
0.5433394099590906
0.5911452204569786
0.33280150100838046
0.5596195832226784
0.9985470751324862
0.8481047148402626
0.8754748519324329
0.14004503122545442
0.5299720731817255
0.30459465640750694
0.11898330547863878
0.7742038446547564
0.8511932746392394
0.8993866097717197
0.22988716437833856
0.8180919607689915
0.8082342035108236
0.7765802322117343
0.7990413567792325
0.9569954504289138
0.12373424503479502
0.6892779022169397
0.32135525429615985
0.9526522058949284
0.2702635356915084
0.571259091181462
0.39614197302707344
0.7617981801105976
0.08365192110624198
0.24616838029783605
0.40004100519838737
0.06250582162930007
0.14224144100426306
0.322830711472886
0.1901619026181529
0.3194485069048514
0.3842607309346707
0.6856607041164633
0.7320105903316504
0.39520176602408164
0.9130590694223422
0.6307329932166558
0.4149244003442224
0.3719183942902826
0.44872642894790815
0.6209334788752412
0.21715541207047317
0.6861911238477284
0.4246655084265053
0.837711595103705
0.813406448164969
0.8996432179551915
0.298970217692232
0.1923062576667205
0.17953725546551869
0.4287637581403463
0.25300449235583755
0.22591937142094975
0.24232347290654388
0.3397310577389627
0.08336449289879466
0.37616215704848344
0.6465640324315705
0.8774442711207905
0.7584456783580661
0.4162015721633495
0.7674976784640177
0.7427095335013079
0.8071262372213943
0.48338493453463205
0.6834023775764969
0.25750386001285896
0.4346166279373632
0.0057235156553981925
0.941416456537329
0.46546652648000875
0.01931434506725882
0.00746617386655013
0.5990333305954174
0.9032439120249749
0.43454223286936633
0.7290967017823439
0.20438685191726869
0.2480409526091687
0.4603373881852194
0.23243941974381532
0.09035722467028362
0.2977080656115558
0.4029972401936647
0.6781597101857543
0.600692538900487
0.7719199964138469
0.9238777393544906
0.26079700473549294
0.6407542169647704
0.2364785897010454
0.9939785778005795
0.3655702017010163
0.2511594115099348
0.047498815490891744
0.8371384967832076
0.37154613438120476
0.7395066924134002
0.5882135472484833
0.7022035004009395
0.6673641215222259
0.2735363111549515
0.22835916144474944
0.31331946183606507
0.8685603978853015
0.738489611816344
0.37458090027139435
0.8875398476137419
0.929638519229604
0.09209665913128462
0.700023024145612
0.6802282625229189
0.8293828308292748
0.412535221703341
0.14224583646235722
0.12127465002724136
0.7745140320108329
0.3278678081678972
0.5408377675304245
0.7389330318298891
0.4146370623841865
0.5398784428473359
0.84956767570271
0.23312753143054799
0.39053360267363824
0.7108938580691044
0.7026487520554039
0.2563629344905024
0.6482024722825764
0.06908884080121636
0.7406622714923042
0.687914718388182
0.3426532627141752
0.7059385782955445
0.5089157406572381
0.445762541496476
0.8283097782729163
0.6888959051201844
0.9294866306982127
0.17077050023544083
0.18698157439028662
0.793034428401683
0.31792961232283834
0.43890653221019993
0.9797133890980043
0.8673134735879154
0.6666015697797562
0.5098317644025077
0.4254238675379951
0.5942840584030349
0.44878524054055857
0.003980909643032771
0.0070965190372738185
0.6764698269433648
0.5112690042328832
0.31529233838645077
0.5853874254960413
0.28832049605764176
0.7177670085786917
0.01303697779346924
0.459865615121248
0.9695495660978568
0.8815398160711393
0.963733158159813
0.45970406135063524
0.0038322615739565524
0.1828032435472492
0.4129242591587151
0.0684900558052115
0.7262534620631901
0.7049887396240658
0.8066346292564928
0.7919261420076865
0.1335596688837375
0.9436456910115469
0.7036087428747575
0.46254357535278157
0.633182859966971
0.14275256064755437
0.7319772226753563
0.9421524342494522
0.7601686210473285
0.09543027486069988
0.17778260434556536
0.7306036334867725
0.215554343088169
0.609527659245063
0.4578368730079586
0.3185400016462241
0.6354080173688978
0.18327564417915942
0.4256716452554745
0.732164864183069
0.08665154376291417
0.5621833182540908
0.18688110917210676
0.6096583551166401
0.40395719154771925
0.7555753122401404
0.8589467810899084
0.32172302433057964
0.13141962082901149
0.7796470287624935
0.5006723733989292
0.10284213816130483
0.013369431387842967
0.8636401352382321
0.2576458027067472
0.8951854792754361
0.6906095065260309
0.10671805794684253
0.6226848388347992
0.6236986911243353
0.5015180515463067
0.6053470029352649
0.5940116124236248
0.9187647428300592
0.061877360563063144
0.8844653544352207
0.4289405630075853
0.8819264104290692
0.6029510325893268
0.060450123758276963
0.6371531090094039
0.35051111621583697
0.8842460138960312
0.5398663171569748
0.8351718016086372
0.2586007314302895
0.865560809595333
0.2152112161079105
0.09243531692588058
0.11464063804623204
0.2223343987201949
0.05734243582659404
0.43941534219172307
0.32008337515772
0.21897497770512553
0.7240048021515636
0.27950456912951605
0.03881484430447957
0.4167614119436107
0.30484821726552647
0.5489451979525863
0.5937114268228255
0.18607465432020842
0.6055547146939532
0.6028552419217033
0.9145284684663051
0.017130171394280747
0.43716957707245485
0.970449975675757
0.39042262397115024
0.17904648141641977
0.221458423181348
0.3188442758404587
0.5907609921259591
0.3639992982912691
0.8490879096801681
0.19236104194544457
0.7094726994459107
0.5713744488803638
0.13465505846412784
0.353059705410563
0.26104907779624853
0.6362470287703257
0.4010662025740662
0.8382379730705051
0.510401402914236
0.4871781258327954
0.6954935114059292
0.17194934978865717
0.35413522054615487
0.4302348550495222
0.8901132661494011
0.5201171967534691
0.8874032770897688
0.49930310086685203
0.4530569692517734
0.962616192594121
0.6883495979926563
0.18717661078414904
0.9884825716421634
0.4707304078111725
0.9312594175222509
0.6775702852205086
0.7394000487766001
0.6246863123895965
0.7998809246969225
0.035119380821411084
0.12286171645665178
0.5834987479333634
