19
0.18219979078012838 0.32418755188838666
0.34372427096637836 0.9528649628756862
0.4545810508779382 0.5234525373291156
0.5136205461731282 0.8736820898951915
0.9552915655882398 0.9690053094949953
0.6338762067618752 0.9259902450374637
0.0714492850163394 0.9548390863680623
0.00811730671165889 0.4711249501936312
0.2644100654398326 0.1874262322319139
0.874614489126586 0.8603787288110201
0.252335150127197 0.015306757474501831
0.44723781501314075 0.26719780407550997
0.002009267888574806 0.3121431483995375
0.44390046124288085 0.6768886469970982
0.4842860126097137 0.4258695149580013
0.7565742076103136 0.1657007947618353
0.6172629054887302 0.4278523157330951
0.6523119799913643 0.3130664385842079
0.07226568320151738 0.7485191671850977
